12
5
13
14
14
14
15
1
1
4
16
5
17
3
10
1
1
7
1
1
1
18
5
4
1
1
8
8
8
8
2
8
2
10
18
3
3
3
3
19
3
3
12
16
4
2
16
16
4
4
1
7
5
6
11
6
2
4
1
13
12
4
13
13
3
13
9
19
2
12
12
12
9
9
7
13
5
11
18
16
7
16
7
14
7
4
1
9
5
9
9
9
10
6
11
11
4
5
11
5
14
18
3
15
18
15
18
2
8
5
5
13
6
18
7
2
2
2
2
2
2
2
2
1
19
19
12
12
11
11
1
4
1
1
2
9
15
1
9
2
1
15
2
10
10
17
11
1
1
7
1
19
10
17
7
4
4
9
15
1
4
4
1
2
2
2
17
17
17
17
17
1
5
14
5
2
11
10
10
18
6
6
6
6
6
6
6
6
6
18
11
10
10
9
1
4
4
3
16
11
16
5
16
16
14
8
10
19
10
4
3
12
1
4
11
3
15
5
4
15
15
13
16
7