2
16
7
4
7
7
4
4
4
4
16
16
2
2
4
4
4
7
4
4
4
16
16
4
4
4
2
2
2
4
2
2
2
4
16
2
2
2
2
2
2
2
2
16
4
2
16
16
4
4
4
7
16
16
4
16
2
4
4
2
2
4
2
7
2
7
7
2
2
2
2
2
7
7
7
7
16
16
16
16
7
16
7
4
7
4
4
7
16
7
7
7
4
16
4
16
4
16
16
16
7
16
7
4
16
4
16
2
4
16
16
7
16
16
7
4
2
2
2
2
2
2
2
4
2
2
2
2
4
4
4
4
4
4
2
7
4
4
7
2
4
4
2
4
4
2
16
4
4
7
4
2
4
2
7
4
4
7
4
4
4
4
4
2
2
2
2
2
2
2
2
4
16
7
16
2
4
16
16
16
16
16
16
16
16
16
16
16
16
16
16
4
4
7
4
4
4
2
16
16
16
16
16
16
7
2
4
2
16
4
2
2
4
4
16
2
4
16
4
4
4
7
16
7