3
16
7
4
7
7
4
4
4
4
16
16
2
3
1
4
4
7
4
4
4
16
16
4
4
4
2
2
2
4
2
2
2
1
16
3
3
3
3
3
3
3
2
1
4
2
16
16
4
4
4
7
16
1
1
1
2
4
4
2
3
4
2
7
3
7
7
3
3
3
2
3
7
7
7
7
16
1
16
1
7
1
7
4
7
4
4
7
16
7
7
7
4
1
1
1
4
16
4
16
7
16
7
4
16
4
16
2
4
16
16
7
1
16
7
2
2
2
2
2
2
2
2
4
3
3
3
2
1
3
4
4
4
4
2
7
4
4
7
2
4
4
2
1
4
2
1
4
4
7
4
3
4
2
7
4
4
7
4
4
4
4
4
2
2
2
2
3
2
2
2
4
16
4
16
2
4
1
1
16
1
1
1
1
1
1
1
1
1
16
1
4
1
7
4
4
4
3
1
1
1
16
1
16
7
2
4
3
1
4
3
2
4
4
1
3
4
16
4
4
4
7
1
7